18 2
9 10
1000000000000 5
1000000000000 499999999999
1 1
5 3
42 6
1000000000000 1000
999999999999 999999
732577309725 132613
152326362626 15
2 1
1000000000000 500000000000
100000000000 50000000011
1000000000000 32416187567
1000000000000 7777777777
1000000000000 77777777777
100000000000 578485652
999999999999 10000000000
7 2
420506530901 752346673804
960375521135 321688347872
1000000000000 1000000000000
99999999999 15253636363
19 2
999999999999 1000000000000
1000000000000 5915587276
1000000000000 1000000006
549755813888 134217728
99999999999 3333333
9 1
1000000000000 250000000001
5 1
3107038133 596040207
1000000000000 73786977
1000000000000 73786976
1000000000000 25000000000
216929598879 768233755932
1000000000000 250000000000
1000000000000 100000000001
100000000000 100000000001
900000000000 100281800001
906028900004 109123020071
1000000000000 1
