37
5 19 12 28 23 17
4 18 20 30 8
4 9 31 30 24
3 33 30 10
3 26 21 23
2 29 30
2 14 15
2 34 35
3 18 20 30
2 30 24
2 33 30
21 12 13 14 15 16 17 18 19 20 21 22 23 24 25 26 27 28 29 30 31 32
0 
5 19 23 29 14 17
1 15
21 11 12 13 14 16 17 18 19 20 21 22 23 24 25 26 27 28 29 30 31 32
15 18 19 20 21 22 23 24 25 26 27 28 29 30 31 17
14 18 19 20 21 22 23 24 25 26 27 28 29 30 31
2 20 30
12 20 21 22 23 24 25 26 27 28 29 30 31
2 18 30
2 26 23
4 26 23 24 25
4 26 22 24 25
1 30
4 26 22 23 24
1 23
3 28 29 30
0 
1 30
1 33
2 30 24
21 11 12 13 14 15 16 17 18 19 20 21 22 23 24 25 26 27 28 29 30 31
0 
1 35
1 36
0 
