73
9 43 22 23 26 31 34 17 39 21
9 43 45 22 23 54 31 37 39 41
5 58 37 26 54 34
2 60 47
4 15 67 52 65
2 58 45
1 21
5 58 37 38 45 41
1 30
1 29
2 60 47
1 50
1 57
1 63
1 71
1 18
1 18
0 
0 
2 20 21
0 
0 
0 
0 
6 25 26 27 28 29 30
0 
0 
0 
2 29 30
0 
0 
0 
5 37 33 34 35 36
0 
0 
0 
1 37
0 
0 
0 
1 41
0 
0 
0 
28 42 43 45 46 47 48 49 50 51 52 53 54 55 56 57 58 59 60 61 62 63 64 65 66 67 68 69 70
0 
0 
0 
0 
5 46 47 48 50 51
0 
0 
0 
0 
0 
0 
13 53 54 55 57 58 59 60 61 62 63 64 65 66
0 
0 
0 
0 
0 
5 59 60 61 63 64
0 
0 
0 
0 
0 
0 
0 
0 
0 
1 18
